*vertices 3084
   22
   17
   12
    0
    7
    0
    0
    1
    0
   11
   38
    1
   20
   11
    0
    0
    7
   35
    2
   24
    5
    0
    3
    7
    3
    1
   64
    0
    2
    0
    1
   46
   10
   12
   53
   10
   22
    1
    0
   25
    1
   11
   39
   11
    2
    6
    1
    1
   44
   14
   18
    6
    3
    0
    9
    1
   24
    3
   11
   25
    8
    7
    8
    0
    0
   11
    4
    3
   31
    7
   16
    3
    1
    1
    2
    3
    1
    2
    1
    4
    1
    2
    4
    2
    1
    2
    0
    0
    5
    2
   28
   16
    3
    2
    0
    3
    9
    6
    4
   23
   47
   34
    5
   24
   15
    6
    0
    1
   10
    6
   23
    6
    1
   14
   18
    0
    4
    1
    3
    1
    3
   22
    5
    6
    4
   11
   18
    9
    0
    3
   17
    2
    4
    1
    0
    3
   10
   10
    2
    3
    0
    4
    8
    2
   13
    1
    0
    9
    0
   38
    1
    8
   20
    0
   24
   15
   21
   26
    5
   10
    1
   14
    3
   18
    2
   16
    1
   10
    6
    4
    1
   15
    2
   11
    0
   11
    1
   49
    3
   11
   10
   10
    0
    0
    0
   49
    5
    9
   22
    0
    0
   40
    3
   16
    0
    7
    3
   26
    2
   11
    0
   10
   15
   13
   12
    8
    0
    0
    0
    0
    5
    4
    4
   10
   10
    5
    8
    2
   14
    1
    0
   20
    7
   11
   14
   14
   14
   17
    3
    9
    2
    7
    4
   30
    6
    5
   19
   29
    9
   21
   13
   17
    4
    7
    1
   21
    0
  278
   12
    3
   18
  129
    4
   16
    8
   30
    9
   22
    0
    0
    0
    0
    0
    0
    0
    0
    0
    0
    0
    4
   39
   16
    3
    2
    0
    1
    0
   12
    6
    2
    0
    0
    0
    0
   19
    8
   11
    8
    0
    0
   11
   11
   23
    8
    1
    1
    0
   11
    8
    4
    2
    2
   52
    9
   13
    0
    0
   15
    3
    4
    4
    0
    5
   11
    2
   10
    4
   21
    2
    0
   20
   13
    6
   15
    5
   11
   19
   25
   18
    1
    6
   14
    7
    3
    2
    6
    0
    0
   14
   15
    6
   20
    9
    2
   16
   14
   25
   12
    1
    3
    8
    1
    3
   17
    1
   12
    8
   33
    0
    6
    2
    2
    4
    5
    3
    1
    1
   27
    0
    2
    2
    0
    0
    0
    2
   14
   23
    7
    4
   25
    3
    0
    0
    1
    1
    0
    0
    0
    0
    0
   12
    2
    2
    3
    0
   26
    1
    4
    2
    0
    0
    0
    0
    1
    2
   19
   19
   18
    4
    5
   28
    6
    2
    2
   47
    0
    0
    3
   15
   25
    0
    0
    6
   10
    9
    9
    8
   14
   22
    7
   11
   13
    4
   32
    2
    6
    3
   26
    0
   34
   21
   29
   22
   17
   63
   16
    6
   24
    2
   48
   10
    0
    0
    1
    0
    4
    9
   57
   13
    4
    1
    2
    6
    2
    0
    0
   15
    7
    5
    2
    8
    3
   50
    3
    3
    1
    0
    0
    0
    6
   10
    8
   15
    3
   17
   12
   11
   12
   17
    3
    3
   10
    1
   38
   16
   58
    4
   15
   13
   10
   14
    4
   31
    2
    4
    3
    5
    3
    1
    4
    2
    4
    2
    1
    0
   14
   20
   32
   12
    2
    7
    6
    9
   22
   12
   60
   11
    7
    0
   32
   31
    3
    1
    0
   24
    9
   12
    4
    5
    0
    0
   18
    8
    3
   11
    4
    4
    5
    2
    2
    1
    4
    4
    4
   11
    5
   12
   15
    1
    6
    5
    6
    3
    9
    3
    5
    4
    3
    2
    7
    7
    3
    5
    0
    3
    2
   19
    1
    0
    0
    0
    9
   39
   10
   11
    3
   33
   19
   35
   16
   32
   21
   17
   12
    0
   12
    0
    0
    1
    2
    3
    1
    0
    0
    1
   15
   24
   12
   14
   44
   11
   16
   29
    7
    0
    1
    4
   21
    0
    0
    1
   20
    2
    9
    7
    0
    1
    0
    4
    3
    0
    8
   18
    2
   51
    1
    0
    8
    4
    3
    5
   17
   11
    7
   12
    1
    1
    6
   25
    6
   19
   11
    0
    0
    0
    7
    7
   14
    0
   11
    3
    0
    5
   65
    3
    5
    5
    3
    5
   10
   12
    1
    1
    7
    1
    5
    3
    0
    0
    6
    2
    3
    6
    1
    0
    1
    2
   19
    2
    2
    0
    8
   14
    8
    2
   61
    7
    8
   62
   11
   12
   11
    3
    9
    3
   13
    2
    3
    0
   32
    0
    7
   15
    0
    4
    0
   22
   50
   53
    6
    9
    9
    0
    0
   25
    0
    5
    2
    3
    4
    9
    2
    0
    0
    0
    0
    1
    2
   22
    0
    6
    0
   18
    3
    2
    3
    1
    2
    2
    5
   16
    5
    9
   13
   21
    1
    7
   19
    0
    3
   14
    5
    2
    2
    0
    0
    2
    0
    2
    0
    7
   32
    3
    4
    3
    8
    3
    3
    3
    4
    5
   18
    5
    4
    7
    1
    6
    2
    0
    0
    0
   16
    6
    4
   45
   20
    0
    0
    9
    6
   22
    8
    2
   12
    9
    3
   17
    1
    0
    0
    0
    3
   47
   16
   13
    8
   11
   55
    4
   16
   41
   10
    0
    3
    0
   10
    6
    2
   11
   10
   14
    5
    0
    1
    0
   13
    1
    3
    1
    0
    5
    0
    6
    2
   19
   53
    4
    3
   16
    6
    0
    0
    0
    0
    0
    2
    5
    3
    5
    4
    0
    3
    0
   12
    4
    1
    1
    0
    1
   31
    0
    6
    4
   30
    3
    6
    4
    0
    0
   26
    0
    1
   13
    5
    4
    6
    2
    1
    1
    1
    1
    5
    0
   21
    7
   14
    5
    0
    2
    0
    4
    0
    0
    0
    2
   16
    0
    0
   13
    0
   19
    8
    1
   15
    0
    3
    1
   16
    7
    7
    1
    4
    5
    2
   21
    1
   55
    2
   11
    0
    3
    5
   10
    4
    1
    7
    7
    3
    0
    0
    2
    0
    0
    5
    0
    8
    2
    5
    5
   12
    1
    0
    6
    1
    7
    9
    2
    7
    4
    1
    1
    6
    4
   74
    5
   15
    6
   18
    6
    8
    0
    1
    1
    3
    1
    9
    3
    8
    5
    5
   13
    7
   28
    6
    0
    0
    2
    4
    1
    0
    2
    0
    2
    1
    8
    1
    3
    0
    0
   12
    4
    0
   20
   17
   11
    1
   26
    2
    1
    0
    0
    1
    0
   10
   11
    8
    9
    8
    0
   25
   32
   16
   12
    0
    1
   15
    5
    5
    5
    8
    2
  104
    2
    0
    2
    3
    7
    9
    1
    6
    3
    5
    7
    0
   10
    1
    0
    0
    0
    1
    0
    7
    0
    2
    0
    1
    0
    2
   12
    0
    2
    1
    6
   11
    0
    3
   12
    0
   11
   15
    3
    8
   15
   19
   14
    7
    1
   10
   12
    0
    3
   10
    3
    2
   11
    0
    3
   61
    0
    1
    1
    1
    0
    1
   10
    5
    3
    2
    3
    0
    8
    4
   22
    1
    1
    0
    2
    0
    0
  138
    1
   25
    1
   25
    0
    7
    3
    1
    0
    5
    0
   10
    4
    2
    0
    6
    5
    4
    3
    3
    6
    3
   17
    3
    0
   41
   17
    9
    5
    0
    1
    1
    4
    3
    2
    1
    1
   22
    1
    0
   10
    1
    1
    1
    1
   35
   20
   11
    7
    0
    4
   11
    0
    1
   18
    0
    2
    1
    9
    5
    3
    2
    3
    0
    2
    0
    3
    1
    0
    7
    3
    4
    0
    7
    4
    0
    3
    0
    0
    2
    2
    0
    1
    1
    0
   43
    4
    6
    3
    3
    0
    5
    1
    4
    2
    2
    3
    1
    3
    2
    0
    5
    6
    2
    8
    8
    0
    1
    0
    3
    6
    0
    0
    0
    1
    4
    5
    1
    0
    4
    3
    1
    1
    1
    0
    0
    1
   24
    2
   14
    0
    0
    3
    0
    1
    2
    7
    0
    0
   25
    0
    0
    5
    2
   16
    5
    0
   27
    0
    6
    0
    3
    3
    5
    0
    7
    2
    5
   11
    0
    5
   16
   57
    2
    3
    6
    0
   27
   19
    9
   17
    9
    4
   15
   18
    1
    0
    0
    0
   17
    3
   16
    6
    6
    3
    0
    1
    0
    0
   32
   10
    9
    0
   16
    8
    4
    0
    0
    1
   38
   36
   52
    1
   18
    0
    6
    1
    5
    2
    4
    2
    1
    5
    4
    0
    2
    6
    7
   12
    1
    6
    6
    3
    8
    5
    5
   10
    5
   12
    8
    6
    3
    3
    6
    0
    5
    0
    3
    1
    6
    2
    0
    1
    1
    3
    2
    4
    1
    3
    8
    1
   10
   16
    0
    1
    0
   16
   34
    2
    0
    1
    4
    0
    3
    2
    0
    0
    0
    3
    1
    0
    0
    2
    1
    5
   21
    0
    2
    1
    1
    1
    8
    4
    7
    3
    0
    2
    2
   13
    2
    1
    5
    6
   10
    5
    3
    0
    5
    0
    7
   31
   51
    0
   13
   16
   10
    7
    1
    0
    1
    0
    4
    6
    1
    0
   15
   18
    3
    0
    1
    4
    1
    4
    9
    4
    3
    1
    4
    4
   19
   20
    5
    0
    0
    0
    3
    0
    1
    1
    0
    7
    4
    8
    0
    3
   11
    1
    6
    7
    1
    0
    4
    4
    9
    3
    2
   14
   12
   11
    0
    5
    5
    9
   79
   38
    0
   10
    0
    2
    5
    1
   19
   20
   18
   15
   10
    5
    0
    2
    1
    1
    0
    0
    0
    1
    1
   57
    0
    3
    2
    1
    1
    1
    4
    5
   12
    5
    9
    2
   32
    6
    2
   45
    6
    5
    3
    0
    8
    6
    2
    7
    4
    8
    0
    0
    1
    3
    8
    0
    3
    2
    4
    2
    2
    0
    1
    0
    3
   11
    7
    2
    6
    2
    0
    0
    4
    0
    2
    4
    6
    0
   10
    4
    0
    2
    3
    2
    5
    3
    0
   12
    5
    1
    4
    5
    2
    1
   12
    4
    1
    2
    2
    5
    1
    1
    0
    1
    0
    2
    5
    1
    0
    0
    6
    4
    1
   20
    4
    5
    2
    5
    1
    1
    6
    1
   21
    1
    9
   21
   16
    1
    4
    5
    1
    0
    6
    1
   24
    7
    4
    3
    4
    3
    4
   16
    0
    0
    0
    0
    0
    1
    1
    2
    2
    3
    3
    6
    1
    0
    0
    0
    0
    1
   12
   12
   19
    7
    3
    9
   28
    1
   25
    0
    4
    1
    3
    1
    9
    1
   12
    5
    3
    1
    0
   16
    2
    1
    1
   13
    1
   16
    7
    2
    2
    0
   25
    0
    0
    3
    0
    5
    6
    1
    3
   21
   13
    1
   13
    1
    5
    1
    0
    2
   15
    8
    6
    2
    7
    0
    2
    1
    9
    2
   13
   12
   10
    5
    1
    0
    0
    1
    1
    5
    4
    9
    3
    3
    1
    2
    2
    2
    5
   10
    3
    9
    8
    5
    3
    0
    0
   13
    1
   27
    0
    1
    4
    2
    4
    4
   14
    3
    1
    2
    0
    1
    1
    0
    2
    1
    0
    1
    1
    0
    3
    0
   18
    9
    1
    2
    9
    6
    3
    1
    3
    0
    0
    5
    1
    4
    0
   14
    7
    0
   42
    1
    3
   13
    4
    5
    1
    7
    0
    4
    3
    2
    4
    5
    0
    6
    0
    0
    1
    1
    4
    7
    5
    0
   21
    3
    0
    1
    4
    0
    1
    7
   23
   10
   10
    0
   20
    2
    7
    1
   11
    0
    4
    1
    1
    8
    1
    0
    0
    2
    4
    8
    0
    1
    9
    0
    3
   13
   10
    3
    5
   11
   13
    0
    3
    2
    5
    9
    2
    1
    7
    0
    2
    7
    5
    0
    7
    0
    1
    0
   11
    1
    0
   14
   19
    5
    5
    7
    0
   14
    2
    6
    6
    6
    0
    4
    0
    1
    0
   10
    3
    1
    1
    0
    3
    9
    1
    0
    2
    3
    3
    1
    4
    1
    3
    0
    8
    2
    0
    0
    0
    1
    1
    0
    0
    1
    3
    0
    0
    0
    0
    0
    0
    0
    0
    0
    1
    0
    0
    0
    1
    0
    0
    1
    0
    0
    0
   16
   12
    3
    4
    0
    5
    0
    2
    0
    2
    3
    6
    4
    1
    3
    9
    2
    6
    2
   14
    9
    6
    0
    2
    2
    2
    0
   14
    2
   10
    3
   16
    1
    5
    2
    7
    1
    5
   15
    0
    0
    4
    1
    2
    0
    2
    2
    0
    0
    1
   15
    0
    1
   30
    3
    0
    1
    2
    1
   13
   11
   11
    8
    2
   13
    9
    7
   21
   10
    3
    1
    0
    6
    1
    0
    3
    1
    1
    6
    1
    5
    3
    2
    3
    2
    0
    0
    0
    2
    4
    3
    5
    4
    3
   29
    1
   10
    4
    3
    1
    1
    0
    3
    2
    1
    0
    6
    6
    3
    0
    2
    1
    1
    0
    0
    0
    0
    6
    3
    4
    1
    2
    3
    6
    0
    3
    9
    2
    3
    1
    2
    1
    1
   20
    2
    0
    1
    1
    3
   23
    0
    9
    0
    0
    2
    4
    5
    0
    0
    2
    4
    6
    5
    5
   19
    2
    3
    5
    6
    1
    0
    2
    2
    1
    0
    1
    0
    0
    0
    2
    0
    1
    2
    2
    1
    0
    0
    2
    3
    1
    9
    9
    2
    2
    1
   11
    0
    1
    0
    3
    0
   87
    0
    2
    6
    0
    2
    4
   12
    0
    1
    2
   12
    0
    2
    2
    0
    1
    2
    1
    0
    2
    1
    2
   56
    4
    5
    5
   22
    5
    3
    8
    1
    7
    4
    4
    1
    2
    4
    2
    2
    0
    7
    6
   10
    4
   12
    1
    1
    2
    8
    2
    4
    5
    4
    1
    0
    7
   21
    0
    0
    0
    1
    0
    0
    0
    3
    0
    1
    2
    5
    4
    2
    1
    7
    3
    3
    1
    1
    6
    1
    8
    2
    3
    1
    0
    4
   13
    3
    0
    0
    3
    3
    9
    3
    0
    3
    7
    5
    4
    0
    1
    6
    6
    1
    5
    3
    3
    1
    1
    0
    0
    1
    3
    5
    6
    4
    4
    2
    2
    4
    4
    4
    0
    0
    2
    0
    0
    1
    0
    6
    2
    0
    0
    2
    2
    3
    0
    5
    1
    4
    1
    3
    0
    0
    4
    6
    5
    1
   11
   13
    0
   22
    1
   14
    1
    0
    1
    6
    4
    0
   13
    7
    2
    0
    2
    2
    0
    2
    0
    1
    2
    1
    2
    5
    5
    1
    0
    0
    0
    0
    0
    1
    0
    0
    0
    1
    3
    3
    4
    3
    5
    2
    3
    2
    8
    0
    3
    2
   12
    0
    5
    8
    0
    5
    1
    2
    0
    1
    0
   52
    2
    0
    1
    0
   33
    6
    4
    3
    3
    3
   13
    1
    0
    0
    1
    1
    1
    0
    1
    0
    2
    0
    0
    0
    1
    0
    0
    5
    0
    2
    0
    0
    2
    0
    6
    4
    2
    2
    1
    2
    2
    2
    0
    7
    4
    3
    2
    0
    1
    1
    2
    5
    2
    1
    9
    0
    1
    5
    3
    1
    0
   13
    8
   12
    0
   24
    0
    2
   12
    3
    0
    0
    1
    0
    3
    0
    0
    3
    6
    0
    0
    0
    1
    8
    4
    0
    0
    0
    4
    0
    1
    5
    4
    2
    0
    0
    2
    2
    9
    0
    0
    4
    0
    1
    3
    3
    1
    1
    1
    1
    1
    1
    0
    2
    1
    1
    2
    1
    2
    1
    1
    3
    0
    3
    2
    0
    0
    2
    3
    0
    2
    2
    2
    4
    0
    1
    0
    4
    0
    1
    2
    0
    0
    0
    1
    4
    4
    1
    1
    2
    0
    0
    0
    0
    0
    5
    4
    0
    0
    3
    1
    2
    2
    6
    0
    0
    0
    2
    1
    8
    0
    2
    0
    0
    3
    2
    1
    4
    0
    0
    0
    0
    2
    1
    1
    7
    1
    0
    0
    3
    2
    0
    2
    0
    1
    3
    2
    3
    0
    0
    0
    0
    1
    1
   11
    0
    1
   11
    4
    0
    5
    1
    1
    0
    1
    2
    0
    0
    4
    6
    4
    4
    1
    4
    1
    1
   22
    2
    3
   13
    1
    2
    0
    0
    2
    1
    3
    2
    6
    0
    5
    2
    0
    1
    0
    0
    5
    1
    0
    0
    0
    4
    6
    0
    2
    1
    0
    0
    1
    1
    0
    1
    0
    0
    2
   11
    3
    3
    3
    0
    1
    4
    2
    0
    0
    0
    1
    0
    4
    0
    1
    2
    3
    1
    3
    3
    3
    4
    4
    3
    0
    1
    2
    3
    3
    2
    0
    1
    1
    1
    1
    1
    2
    2
    1
    1
    2
    0
    0
    3
    4
    0
    0
    0
    0
    1
    1
    0
    0
    1
    0
    1
    1
    4
    0
    0
    6
    4
    3
    1
    1
    5
    2
    3
    3
    2
    2
    1
    2
    0
    0
    2
    0
    0
    1
    4
    0
    1
    2
    1
    1
    0
    0
    1
    3
    0
    1
    4
    0
   17
    1
    0
    1
    0
    1
    0
    0
    0
    0
    1
    1
    0
    0
    0
    1
    0
    0
    1
    1
    0
    0
    4
    2
    0
    1
    1
    0
    0
    0
    0
    0
    1
    0
    1
    3
    1
    0
    0
    0
    0
    0
    0
    0
    2
    1
    0
    0
    0
    1
    0
    0
    2
    0
    0
    1
    3
    0
    1
    3
    0
    1
    0
    4
    0
    0
    0
    0
    0
    0
    0
    1
    0
    2
    0
    0
   10
    1
    1
    0
    0
    0
    0
    1
    2
    0
    3
    1
    0
    0
    0
    0
    1
    1
    0
    2
    3
    3
    0
    0
    0
    0
    0
    0
    2
    0
    0
    0
    0
    0
    0
    0
    0
    0
    0
    1
    2
    0
    0
    0
    0
    0
    1
    1
    1
    0
    3
    0
    1
    0
    0
    2
    0
    0
    0
    0
    1
    0
    0
    0
    1
    1
    2
    0
    0
    1
    0
    1
    0
    3
    0
    0
    2
    1
    0
    0
    0
    0
    0
    0
    0
    0
    0
    0
    0
    0
    0
    0
    0
    0
    0
    1
    0
    0
    0
    0
    0
    0
    0
    0
    0
    0
    0
    0
    0
    0
    0
    0
    0
    0
    0
    0
    0
    0
    0
    0
    0
    0
    0
    0
    0
    0
    0
    0
    0
    0
    0
    0
    0
    0
    0
    0
    0
    1
    0
    0
    0
    0
    0
    0
    0
    0
    0
    0
    0
    2
    0
    1
    0
    3
    0
    0
    0
    0
    2
    0
    1
    0
    0
    0
    0
    0
    1
    1
    0
    0
    8
    0
    0
    1
    0
    0
    0
    0
    0
    0
    0
    2
    0
    0
    0
    0
    0
    0
    0
    0
    0
    0
    0
    0
    0
    0
    0
    0
    0
    1
    0
    0
    0
    2
    0
    0
    1
    0
    0
    0
    0
    0
    1
    0
    0
    0
    1
    0
    2
    0
    1
    0
    0
    0
    0
    0
    0
    0
    0
    0
    0
    0
    0
    0
    0
    0
    0
    0
    0
    0
    0
    0
    0
    0
    0
    0
    0
    0
    0
    1
    0
    0
    0
    0
    0
    0
    0
    1
    0
    0
    0
    0
    0
    0
    0
    0
    0
    0
    0
    0
    0
    0
    0
    0
    0
    0
    1
    0
    0
    0
    0
    0
    0
    0
    0
    0
    0
    0
    0
    0
    0
    0
    0
    1
    0
    0
    0
    0
    0
    0
    0
    1
    0
    0
    1
    1
    0
    0
    0
    0
    0
    0
    0
    0
    0
    0
    1
    0
    0
    0
    0
    0
    0
    0
    0
    0
    0
    0
    0
    0
    0
    0
    0
    0
    0
    0
    0
    0
