*vertices 6752
   35
   32
    3
   18
   14
    8
   15
   12
   12
    9
    7
   15
   14
   38
    0
   86
    0
   11
   19
   69
    1
   12
   12
    8
   11
   50
   25
    0
   13
    0
   16
    0
   40
   12
   11
    2
   24
   90
   29
   15
    9
    0
    0
    0
   25
  243
    1
   15
   77
   70
   50
   19
   16
    4
    2
   12
    9
   20
   23
   28
   13
   16
   27
    6
   45
   40
    3
   12
  168
    2
    7
    0
    5
    3
   16
   17
   72
   33
    0
   16
   52
    5
   17
    1
    1
   56
   54
   22
    1
    1
   50
    1
    0
    0
    3
   34
   10
   45
   40
   39
   22
    1
   92
   30
    7
   38
   51
   15
   14
   40
   11
    6
   13
   13
   17
    2
    1
    8
   23
   49
   19
   45
    2
   23
   50
   56
   30
   62
   13
   25
    2
    0
   21
   19
    1
    8
    0
   11
    9
   17
   13
    3
   13
   17
    7
   11
   32
   10
   43
    4
   55
   18
   15
   21
    5
   24
    5
    7
   35
   28
    9
    6
   11
    8
    9
   26
   46
    0
    0
    6
    0
   79
   15
   71
   62
    2
    5
   70
   63
    8
   85
    4
    1
   11
  101
    0
    0
   14
    2
   25
   33
    8
   54
   37
   46
   26
    7
    0
   88
    3
   31
  286
   50
    0
   12
    4
   26
   25
   17
   11
   16
   70
   68
    4
    6
   37
    2
   20
   14
    3
   33
   13
   16
   19
   71
    4
   11
   26
    0
    4
   23
   28
   13
    0
   10
   42
    0
    5
  125
   63
    1
   34
   99
   85
   19
   21
   13
   91
   19
    1
   36
   17
   16
   52
   35
   30
   28
   12
   15
   18
  258
    5
    1
    1
    0
   15
   18
    0
   24
   26
   10
   10
   40
  141
    7
    3
   48
    2
   13
    5
    6
   16
   19
    7
   15
   14
    7
    1
    7
   13
    4
   34
   12
   22
   32
   10
   18
    2
    7
   15
   43
   17
   20
   99
   38
   34
   41
   28
   71
   76
    8
    3
   33
    9
   14
   60
  108
   91
   25
  160
   24
    8
    0
    4
   38
   49
   11
    9
   18
    1
   14
   14
  138
    1
   12
    8
   62
   21
   94
    0
    1
   15
   30
  165
   58
  156
  412
   14
   21
   56
   23
    7
   51
    9
    3
    2
    6
    5
   27
   16
   64
   26
   46
   59
   11
   12
    6
   53
    8
    7
    7
   50
   57
    8
   24
   15
   23
    0
    1
   18
   99
   34
   14
   57
   97
   22
    8
    4
   10
    5
   66
   46
   29
   47
   13
   30
  141
   67
   93
   11
   20
   26
  141
    5
    0
    2
    4
   15
   22
  707
   14
    0
    5
    8
   21
   25
   19
    0
   26
   26
    2
   21
   14
   11
   30
    3
   53
   13
   17
    5
   67
   42
    3
    5
   36
    0
    0
   24
    8
   41
   25
    2
   41
   16
   41
   29
   31
   50
   66
    4
    0
    8
   20
   12
   18
   41
    1
   48
   45
   12
    3
   18
   12
   50
    4
   54
    9
  143
    8
   16
    8
  100
    4
    6
   66
    9
   94
   77
    8
   41
    0
    2
    5
    4
   34
    6
  194
  123
   73
   16
   26
  321
   20
  124
   20
   23
    2
   62
    2
  152
    8
   36
   76
   35
   18
  165
   20
    8
    0
  128
    5
    3
   16
   12
    8
   87
  131
   81
   41
    2
   69
    7
    2
   11
   13
    3
   19
    4
   14
    4
   13
   15
    9
   42
   22
   23
    5
   57
  120
    9
   57
  200
    6
   20
    5
    1
   57
   78
   86
   27
   20
    0
    3
    2
   64
   64
    0
   71
   18
    3
    4
    3
    3
    8
   27
   46
  130
   18
   48
   45
    9
   14
   28
   10
    4
    2
   13
    4
    6
   50
   41
    3
   28
  100
   46
   12
    7
   51
   37
    3
   55
   46
    9
   46
   89
    7
    2
   66
   76
   56
    3
    1
    2
    1
    1
    0
    0
   51
    0
    0
    0
    0
   15
    1
   10
  146
   81
   51
   11
   29
    5
    6
   57
   89
   55
   71
   30
   27
   68
   18
   15
   71
   32
   33
   51
   28
   56
   27
    7
   89
    8
    8
  119
   70
   23
   17
   50
  218
   33
    2
    1
  210
  165
   15
   25
   24
   53
   46
    0
   52
   43
   32
  144
   92
   26
    7
   81
    2
   72
   13
   14
    7
    5
    0
    9
   11
    5
  112
   14
    5
   20
   11
    0
    7
   42
   35
   11
   13
   10
    6
   66
    7
   40
    9
   30
    7
   74
   96
   24
    7
    4
   22
    0
    9
   77
  430
   25
  106
   13
    4
    2
   55
   35
   17
   12
   12
  125
   47
   12
   59
   34
    0
   59
   83
   29
   19
    9
   41
   12
   25
   16
    5
    1
   11
    7
   72
   21
   47
   33
   13
    9
   19
   46
   15
   71
   14
  117
   25
   34
    8
   26
    1
   14
   11
   18
   54
   41
   34
   10
    9
   20
    8
    1
   16
    0
    5
    4
   10
    4
   76
    8
    5
   53
    9
   85
   31
   10
   16
   31
   44
   25
   78
   24
    5
  270
   90
   21
  297
   90
   57
  112
   87
   98
  112
   66
   40
   38
   15
  229
   33
  128
  165
   42
   36
   21
   97
   66
    1
    5
    7
  245
   98
    5
    5
   54
    6
   54
   55
   22
   13
    5
   37
   63
   63
    8
   22
    3
   21
  115
    5
   56
   23
   52
    0
   20
    3
   53
    1
    0
    1
    1
    2
    4
   78
   24
    0
    1
    0
    3
    5
   10
   22
   25
   16
   27
   77
   13
    0
   21
    1
    0
   49
    5
    2
   13
    1
  180
    1
   63
   13
    9
   15
  247
   13
    4
    0
    5
    5
   12
   10
   72
   23
   24
   85
   14
   49
    5
   25
   27
   46
    9
   48
    1
    6
    8
   28
    4
    7
   80
   66
   45
   43
    8
   34
    5
   12
   19
   72
   11
   13
   27
   32
   20
   17
    1
   88
    5
   19
   18
   52
   27
   34
   21
    0
    2
    0
   13
    0
   20
   47
    6
   30
   26
   55
   23
   32
   26
   18
   37
   47
    8
   84
   48
   19
   12
   20
   43
   49
  120
  158
  111
  106
   38
    8
   89
   47
   23
   16
    1
   34
   17
   28
   84
    6
   28
   74
  137
   43
    3
   76
   17
   18
   25
  116
   34
   98
   17
   31
   42
   17
   59
   50
   90
   63
   32
   54
  305
   69
   44
   23
   13
   68
   24
    9
   88
   33
   45
   41
   15
    0
    8
   23
   17
   20
   47
   62
   56
   48
    1
   16
   76
   45
   14
   35
   52
   11
   58
   10
   16
   11
   13
   20
   31
   16
   28
   51
   15
   54
   15
   74
   62
  155
    9
   13
   34
   10
   18
    9
   18
   49
    5
    1
   20
   24
   25
    2
   25
    8
    0
    4
    2
   10
   11
  142
   25
    3
    6
  173
    4
    3
  655
   17
    6
    3
   13
   17
    0
    1
    0
    7
   38
   23
   40
   74
   41
   33
  306
   44
   89
   87
    0
    9
    2
   75
   18
   16
   13
    0
   15
   62
    7
   32
   28
   19
    1
    1
   38
   36
   36
    0
    4
   34
   15
   16
    7
   53
    9
   14
    9
   13
   15
   49
   19
   24
    6
   24
   29
   12
   11
   20
   13
   26
    3
   17
    3
   13
   11
   23
    1
    4
    8
   33
    1
    2
   22
    9
    1
    8
    3
   12
    0
    7
    7
    0
   69
  127
   33
   19
    4
   39
   58
   51
   40
   17
   54
   13
   58
   30
   69
   15
    8
   89
   27
   27
   46
   43
   80
   28
   33
   27
   14
   25
   73
    6
    1
   93
  111
   53
   43
    4
   24
    8
   16
   96
   62
   53
   99
    1
   30
   21
   46
  124
    1
   28
    5
   46
    8
   23
    3
   32
   29
   33
   17
   84
   18
    0
   29
   30
   35
   13
   18
   49
   27
   28
    6
   12
   54
  108
   18
    5
    2
    0
    5
   13
   10
   91
   50
   90
   16
   75
    8
    5
   22
   52
   38
   23
   19
    0
   10
   53
   12
  114
   32
   14
   16
   34
   71
   99
  102
   83
   15
    2
  109
    1
   88
    4
   14
   63
   14
   21
   37
    6
    8
    5
    1
    2
   51
   17
    0
    0
    1
   26
   18
    4
   20
   22
   10
    1
  127
   21
    9
    8
  200
   10
    6
  120
  166
  297
   57
    3
   42
    1
   10
    5
    5
   13
    0
    8
    0
   21
    1
    6
    2
   29
  105
  108
   23
    5
   28
   13
    8
   46
    1
   20
   22
   14
   26
    6
   51
   21
   22
   17
  203
   34
   11
   10
   16
    2
   17
    1
    0
    1
   12
   39
   52
    8
   13
   55
   45
  211
   46
    7
    0
   17
    0
    2
    0
   40
    0
    0
    3
   26
   92
   25
    7
  112
  128
   94
   37
    8
   37
   63
  113
   37
   60
   27
   51
    7
   94
   35
   18
  164
   11
   37
   36
   41
    5
   65
   69
   62
   91
    3
    4
   15
   36
   14
  101
   90
   71
    9
   25
   40
   28
   59
  167
    9
   22
   23
    9
  207
    1
   18
   27
    2
    3
   20
   46
    3
   38
    4
    7
   10
   28
   62
    7
   46
    7
   27
    6
   18
    2
   22
    0
   14
   12
   78
   12
   19
   10
   51
    2
    3
  104
    7
   70
   20
    8
   36
   11
   15
   13
  110
   15
   28
   28
   60
   72
    4
   39
    7
    0
    0
    2
   11
   34
  135
  105
   39
    3
   13
    7
    9
    6
    2
    0
   10
   27
    1
   15
   40
   21
   11
  155
   10
   89
    9
    3
   32
    1
    4
   76
   63
    3
   39
   56
   43
   55
    0
   23
    8
    4
    1
    3
   10
    5
    2
    1
   12
   10
    0
  123
    6
    6
   20
   49
   17
  126
  163
  121
  185
    4
   11
   76
  329
  104
   65
  305
   49
   21
   47
   10
    6
   21
    3
   54
   19
   43
    2
   19
   12
    6
  102
    2
   50
   10
   16
   40
   36
    7
   10
    3
   26
   91
    9
    3
   12
   14
    9
   91
   32
   12
   34
    0
  179
   18
    4
    3
   10
   57
    2
    5
    2
    8
   30
   12
   25
  145
   47
   12
   13
    8
    8
   16
    6
   33
    0
    9
    5
   40
    5
  102
   34
   32
   18
   44
   59
   26
    5
   11
   27
    0
    0
    8
    0
    0
    5
   16
    4
    0
    4
   28
   23
   29
   33
   20
   18
   22
    7
   15
   26
   13
   12
   32
   43
   84
  154
    8
   30
   58
  121
   31
   64
   82
   25
  148
   31
   31
    8
  130
   14
   39
    5
   29
   43
   38
   19
  206
  191
    8
   57
   20
   25
    6
  114
   49
   34
   26
   27
  116
   24
   90
   59
    6
   10
   23
   14
   17
   79
   81
    0
    4
   45
  179
  137
   48
   66
    0
   31
   41
    4
    4
  133
    2
    1
   24
   47
   12
    1
   42
    3
   16
    9
  808
  107
   28
   14
   57
   54
   62
   13
   56
   28
   65
   14
   17
   25
   44
   71
   19
   18
   82
   19
   44
   44
    0
    5
   51
  101
   10
   15
  104
   33
   35
    2
   87
    9
  110
   23
   41
   22
  106
   19
   33
   35
   10
   59
   97
   76
  138
   35
   60
   30
    1
    8
   41
   24
   28
   23
   14
    1
   11
    5
   18
    3
    8
   16
    2
   33
   43
   33
    2
    2
    1
    1
   55
   98
    7
  233
    0
    5
   11
    0
   13
    9
    1
  163
  617
  202
   80
  121
   67
   50
  227
   23
    5
    6
   21
    2
    5
   36
   27
    1
    1
    0
    0
   64
  372
   54
    0
   46
   30
   89
  124
   19
   38
    6
   60
   10
   17
   15
    4
    7
    6
    3
   25
   31
   54
    1
   15
   28
    3
   18
   62
   15
   28
   18
    1
   13
   37
   64
   27
   28
   10
   22
   16
   16
   83
   25
    5
   50
    5
    4
    1
    4
   60
   73
   23
   53
    0
   13
    3
   30
   67
   15
    3
   12
   65
   53
    0
   22
   19
  139
    9
   11
   11
   11
   64
   25
   55
    8
   56
   65
    2
   13
   39
   14
    0
   17
    5
    6
   20
   14
   26
   36
    4
    0
    7
    0
    0
   72
   28
   92
   36
   21
   27
   50
   81
   45
   66
    5
    6
   46
   12
    4
   57
   14
   57
   97
   10
    6
   76
   99
   42
   21
    5
   24
   21
   53
   67
   21
   48
   19
   43
   33
   61
   20
   80
   11
   28
   99
   37
   23
    4
   43
   20
   21
   44
   28
   31
   51
   90
   20
  162
   33
   75
   58
   40
   72
  147
  103
   17
   78
   42
   10
   38
   12
   18
   20
   15
  196
   15
   20
   40
   51
    1
   25
   20
    1
   45
   15
    0
    2
   51
  103
   12
   97
   10
   36
   14
   34
   45
   35
    8
    8
    3
   45
   76
   26
    9
    3
   10
   66
   45
   36
   14
   75
   20
   31
   16
    0
   40
   20
   53
   21
   77
   49
    1
    1
  129
   50
   51
   27
   34
   19
   70
    1
   14
   21
    9
   36
   21
    1
   17
    1
    0
   58
    0
   11
    2
    5
    0
   16
    5
   18
    9
    7
   13
   27
   20
    0
   17
    9
    1
    2
  221
   14
   18
    0
   21
    0
   11
    9
    6
  110
   57
   23
   22
   35
    0
   18
    3
   60
    8
    2
   69
   35
    3
   37
    0
    0
    8
   29
   27
   25
    4
  214
  168
  198
   16
   31
    0
    2
    7
   21
   91
   11
    8
    8
   27
    3
   15
    5
    0
    3
   37
    8
    7
    2
    8
    9
   23
   19
    2
   13
   14
    1
   41
  104
   12
    9
   44
  120
   21
   18
   31
    4
   32
   29
   46
   22
    2
    6
   24
    8
   44
   20
   42
   54
   31
   63
    5
   10
    6
    5
   35
   25
    7
    8
   49
    2
    0
    9
    4
   50
    0
   20
    2
    2
    3
   39
    1
    2
   26
    9
    1
    4
   19
   53
   24
    8
  117
   23
   99
  119
   38
   56
   26
   16
   46
   29
   50
   35
   30
   57
   37
   10
   44
   58
   58
   57
   18
  127
   39
   56
   50
   33
  124
  229
   10
    3
   18
   16
   11
    3
   63
   90
   12
   30
  134
   61
    3
    2
   78
    1
   75
   50
   31
    8
    1
   33
   16
   14
   49
   52
   10
   53
   30
   34
   22
   41
    3
   16
   14
   56
    6
   66
   50
    3
   56
    4
   13
   91
    0
    0
    2
    1
    4
   25
   17
   56
   38
   39
    8
   35
   32
   39
    9
  113
   31
   14
   19
   62
   27
   27
    9
   15
   18
    5
    1
   19
   45
  108
    2
   18
   59
    7
   16
    2
    9
   26
   39
   63
   10
   29
   49
    3
    7
    5
    7
    7
   33
  300
   10
   11
  117
   11
   15
   15
    3
   15
   13
    0
   25
   72
   29
    5
   46
   46
   59
   15
    8
   26
   32
   35
    8
    0
    0
    7
    3
   33
    5
   15
   85
   58
   42
   34
    8
    4
    1
    0
    1
   42
    4
   12
    5
   26
   14
   32
    5
  129
   33
    0
   28
   65
  142
  162
   18
  233
   71
  101
    3
    1
    0
   70
  124
   69
   16
    4
    3
    7
   10
    1
   89
    9
    3
    5
    5
    1
    0
    8
   12
  407
    2
    5
   18
   23
   18
    7
   45
   26
   10
   29
   66
    4
    0
    6
    4
   10
   21
   22
   15
   25
   43
   34
   34
   36
    7
   12
   12
   66
   16
   17
   27
   12
   17
   11
   10
   18
    8
   38
   66
   13
    0
   13
  296
   19
    1
    1
   28
    4
   36
    2
    1
    7
    0
    0
   51
    8
    0
    1
    0
  143
    1
    0
    0
    0
    0
    2
   27
    1
    1
    0
   66
   49
    0
    7
   27
   51
   34
   30
   34
   17
   39
   44
   36
   34
   17
   16
   17
   30
   16
   27
    9
   38
   93
   31
   14
   51
   30
   17
   16
   33
   13
   58
   25
   16
    3
   25
   17
   26
   20
   62
   25
   22
   22
    8
   23
   29
   10
  208
    5
   60
   66
   27
   68
   45
   12
    3
   14
   28
    7
   11
   19
   23
    6
   11
   19
   16
   12
   58
   32
   17
   10
   23
    3
   16
   14
  154
   18
   27
    3
    0
   67
   13
    3
    6
    7
    3
   19
   32
   19
    8
   18
    4
   54
   28
   94
   16
   32
   10
   18
    6
   34
   40
   11
   20
   18
    5
   27
    8
   31
   18
    6
   15
    0
   53
   23
   11
    5
    4
   34
    3
   23
   10
   17
   26
   60
  123
   21
   27
    3
   17
   62
    2
   22
    0
   20
    3
    3
   21
   57
   25
   23
    8
   27
   10
   24
   55
   31
    1
    3
   91
   39
   20
   31
   26
   86
   54
   16
   71
    6
   12
   56
   14
   12
   38
    7
   11
    4
   37
    7
    2
    2
    0
   19
   17
    0
   15
    3
   11
   26
   20
    8
    0
    1
    0
    9
    3
    6
   44
   93
   10
    7
   39
   92
   17
  137
    2
   43
    0
   23
    9
   11
   17
   27
    3
   35
  247
    9
    0
  176
    0
    9
    0
    6
   28
   18
   13
    3
    4
    0
    0
   33
   13
    2
   16
   12
   22
  352
    0
   53
  179
   57
   75
   17
    1
    6
    9
   19
   13
    7
    4
   12
    7
    8
    0
    3
   26
   11
   11
    9
   15
    3
    9
    5
   11
   34
    5
    4
   47
    7
    1
    4
   14
   24
   72
    2
    7
    3
   11
   53
   31
   71
    4
    0
   46
   57
   12
    5
   18
    1
   30
    1
    0
   38
   33
    5
   42
   16
    3
   12
    2
    7
    8
   20
   16
   25
   12
   12
   36
   72
   89
  261
  182
  792
    4
    0
    1
    3
    0
    0
    4
    1
   32
   23
    0
    0
   11
    5
   19
    0
    0
    5
   79
    6
   11
   54
   24
    7
   35
   17
   74
    0
   25
   35
   20
   11
   19
   14
   10
   11
   21
   53
   26
   31
    7
   98
    5
   48
   17
   13
   21
   25
   47
   17
   17
   12
   21
    6
   28
   26
   20
   27
   13
   10
   28
   19
   12
   10
   31
   44
   39
    4
    9
   28
   38
    2
    4
   28
   48
   62
   58
   28
   42
    8
    5
   13
   12
   24
   34
   18
   24
   72
   67
    7
   20
   48
   43
    7
    8
   48
   51
   20
    9
   34
   13
   30
   95
   27
   41
   52
    5
    8
   87
    7
    1
    1
   14
   16
   34
   28
    7
   18
   16
    7
   18
    8
   81
   58
   36
    6
   14
    8
  114
   75
   14
   31
    8
    4
    1
   19
   23
   17
   10
   66
   89
    4
   36
   17
    6
   51
   74
   22
   23
    5
   28
   15
   14
    0
    6
   26
   32
   12
   12
    4
    0
   14
   56
   99
   49
    9
   10
   48
   18
    1
    0
   15
   13
   15
    0
    0
   13
    0
    0
    0
   23
    5
    5
  107
  564
   32
    2
    8
   13
    0
    8
    5
   57
    5
   41
   32
    1
   19
   21
    0
   26
   39
  103
    8
   20
   64
    5
    5
   12
    4
    3
    1
    0
   23
   45
   48
   63
    0
    1
   22
   22
    0
   10
    0
    7
    5
    2
    9
   11
    7
    1
    0
   76
  289
  107
  124
   18
    4
   16
   15
    2
    0
   17
    6
    8
   11
   24
   10
   11
   12
    0
   23
    3
   27
   19
    8
    2
   35
   21
   24
   23
   11
    9
    2
   12
   29
    6
   24
   18
   37
   18
   12
   15
   49
    0
   12
    3
   20
   27
    4
    5
    9
   13
    6
    7
    7
   39
    7
    3
   17
    6
   41
   23
   39
    6
   17
   13
   51
   17
    1
   15
   12
   16
   13
    1
   10
    3
   21
   44
    6
   27
    2
   34
   11
   42
   14
   41
   21
    3
   18
    9
   15
    7
   29
   18
    9
   16
   11
   26
    9
   11
   11
    1
    7
    8
    3
   53
  114
   96
   12
    3
    1
   71
   23
    1
    4
    4
    4
    0
    0
   21
   31
    5
    1
    0
   41
    5
    5
   41
   82
  120
   36
   24
   71
    9
   26
   28
   23
   37
   15
   19
   32
   95
   19
   14
   10
   35
    5
    9
   19
   92
   12
   40
   41
    4
   21
   36
   36
   15
    5
   52
   14
   14
   12
    4
   33
    2
    9
   11
    3
   98
   21
   24
   23
   57
    3
   21
   11
   10
   32
    6
   73
   18
   20
   56
   82
   17
   36
   16
   26
   57
   19
   15
   29
   16
   10
   14
   10
   52
  106
   13
   45
    2
   14
   13
   15
   68
   74
   55
   23
    8
   28
    2
    3
   32
    5
   49
    1
   16
   12
   64
   10
   43
    5
  110
   35
   27
    8
   36
   14
  102
    5
   21
   22
   20
   15
    6
   10
   12
   28
  102
   13
   31
    5
    7
    1
    6
   10
    9
   10
   33
    8
   28
   34
    5
    4
   29
   16
   12
    6
    5
   10
   14
    1
    6
   19
   10
  107
    7
    9
   17
   34
   13
  150
   34
   21
   18
   24
    8
   24
   26
   32
   17
    8
   21
   34
   35
   28
   32
   34
   12
   19
   50
   27
    7
   14
    5
   12
   17
   33
   84
   92
   16
   84
    9
   15
   29
   12
   16
   28
    2
   20
   19
    7
    0
   31
    3
   10
    7
    1
    1
    1
   14
  195
  102
    0
   51
   34
   30
   12
    7
    1
   28
   34
    8
    5
   13
   72
    4
   69
   64
    6
    0
   27
   19
   17
    9
  279
    4
  264
    1
   12
    0
    9
    0
    0
    9
   26
   13
   24
    0
    0
    0
    5
    0
    1
   22
  123
   46
   20
   36
    8
   12
   18
    4
    1
   19
    0
    1
   14
   19
    3
    7
    3
    2
    2
   27
    5
   11
   26
   40
    4
    2
    1
   24
    4
    3
   16
   11
    8
    7
    0
    3
    1
    1
   22
   11
   22
   84
    8
   20
    7
   16
   32
    9
    5
   10
    0
   10
   59
    6
   20
   11
    1
   20
   27
    7
   13
    6
    0
    3
    0
   64
    2
   29
    6
    8
   15
   50
   10
   12
    4
    6
   56
   70
   15
    1
    8
    7
    0
    0
    0
    0
    0
    0
    0
    0
    3
    6
   24
    4
   62
    7
    3
    0
    6
    2
   13
   22
   28
   10
    5
    5
   55
    3
    5
   11
   11
   20
   13
   29
   37
   14
   11
   18
    7
    6
   29
   45
   17
   21
   39
    9
   15
    8
   83
   14
   31
   11
    6
   18
    6
    4
   39
    5
   30
   19
   20
   16
   21
    1
   12
   19
    3
   30
   19
   27
    4
   13
   44
    7
    7
   10
    8
   11
   23
   24
   11
   22
    2
   33
   26
   21
    3
   23
   13
   31
    2
   27
    1
   37
    0
   63
    4
    2
   15
   71
    8
    9
    9
   31
   20
   17
    3
   24
   83
    0
   41
   49
   12
   11
   20
   14
    8
   31
   30
   23
   10
   24
    0
    8
   40
    6
   12
    5
    1
   58
    2
    7
    8
    7
   14
    8
    7
    0
    5
    3
   12
    3
   13
   11
   12
   24
   11
    3
   20
   10
   28
   14
   18
   28
   39
    4
   11
    2
    5
    4
   31
   20
    6
   19
    9
    7
    6
    8
   27
    9
   37
   10
    5
   26
   36
   14
   20
    8
   11
   34
   10
   25
   11
   66
   13
   22
   21
   25
   21
   95
   12
    6
   12
   30
    1
   16
   13
    2
   10
   15
   11
    3
    9
    3
    3
   49
    5
   38
   15
    6
   17
   15
   26
    2
   12
   42
   33
   10
   31
    2
    1
    4
    0
    1
    1
   98
   41
    6
    2
    2
   29
    0
   11
    2
    1
    1
    6
   11
    1
    9
    6
   25
   16
   21
   21
   17
    2
    7
   30
    4
   66
    1
  120
   51
   53
   17
   88
    1
    1
    1
    1
    0
    0
    2
   10
    1
  178
  104
   87
   20
    3
   11
  198
   59
   48
   20
    3
   30
    2
    2
    6
   31
   26
   10
    2
    6
   14
    6
   34
    5
   12
   20
   13
   14
   12
   26
    0
    1
    1
   10
   12
   32
   15
    6
   13
    3
   10
    6
    2
    9
   34
    6
    3
    9
   26
    5
   13
   43
   40
    6
    9
    5
   12
   26
   24
    6
    6
   13
   31
   53
    6
   12
    1
   21
   24
   34
    9
   27
   43
   14
   18
   26
    4
   12
    5
    6
    2
    8
   23
   10
    2
   11
   11
   22
   11
    9
    8
   27
    9
    8
    0
    6
    0
    0
    9
    0
    6
   20
   16
    2
    7
   10
   19
    2
    4
    5
    8
   22
   18
    1
    0
    0
   13
    3
   28
    6
   29
    5
   15
   24
   51
   30
   13
    6
    9
   12
   13
    0
    2
   20
   70
   38
    2
   35
    9
    3
   31
   11
   55
   42
   18
    2
   11
   38
    8
    5
   70
    2
   15
   18
    1
   23
   60
    8
    2
    3
   36
   23
    5
   27
   17
    6
   13
   60
    8
   19
   13
   18
   19
   13
   12
    9
   16
   12
   33
   52
   32
   12
    7
   20
   30
    6
   11
   24
   18
   41
   25
   40
   12
    3
   13
   36
    0
   22
    7
   10
   25
   11
    2
    1
    1
    2
    2
    0
    0
    5
    2
   13
   24
    7
    2
    1
    4
    4
    3
    1
   19
   41
    3
   12
   10
   22
   18
   31
    7
    3
    5
   11
    9
   22
    3
    7
    8
    0
   35
   15
   15
   10
   14
    6
   27
   10
    5
   14
   29
   46
   13
    4
    5
    5
   18
    4
    5
   64
   60
   33
   52
   51
   16
   19
    3
   14
    9
   12
   14
   19
   47
   31
    5
   17
   12
    5
    2
    7
   49
    7
   18
   26
   12
    8
   15
   23
    0
   15
   11
    7
   11
   20
    7
    7
   37
   24
    1
   28
   10
   17
   15
    2
    3
   15
   29
   24
    6
    1
   14
   66
    2
   33
    2
    0
    4
    1
    4
   42
   10
    1
   16
  112
    1
    3
    3
    6
    3
    0
    4
    5
   12
    1
    7
    7
    5
    3
   13
  136
   15
   30
   51
    2
   27
    3
    0
   28
   12
   25
    1
    0
   77
    5
    4
    5
   47
   99
    3
    0
    4
   34
    0
    2
   11
    1
    2
    0
    3
   19
    0
    3
   11
   26
   23
   11
   85
   61
    7
    5
    1
    6
   12
   14
    6
    2
    8
    1
    0
    2
   17
    2
    9
    0
    2
    5
    7
   27
    9
  101
    7
    1
    8
    2
    9
    2
   28
    5
    2
    5
   18
    9
    0
   14
    2
    7
   26
    1
   20
    3
    6
    3
   15
   16
    0
    3
   25
    3
    9
    5
    2
   17
   19
   15
    8
    3
   37
   12
   23
    5
    4
   12
   10
   27
    4
    6
    7
    7
   12
    7
    2
   18
    5
    2
   34
   40
   52
   66
    3
    1
   39
   18
    7
    1
    1
   17
   12
    6
    7
    4
    7
   18
   16
    7
   46
   22
   12
   12
    7
   23
   18
   27
    8
   24
   16
   27
   15
   10
   16
    3
   19
   15
    9
    6
   29
   23
   38
   21
    0
    5
    0
   21
    6
    6
   15
   21
    2
   23
   15
   49
   22
   26
   20
    8
   41
    8
   22
   12
   23
   10
   34
   30
   27
    4
    2
    6
   46
   11
    3
    8
    9
    6
   17
    6
    2
    4
    0
   18
    2
   43
   22
    9
    8
   15
   18
   32
    8
   21
    2
    2
    1
    2
    2
    6
    5
   17
    9
    5
    0
    4
    0
    4
    0
   12
   17
    5
    8
    8
    4
    1
    0
    7
    9
    1
    2
    4
    4
   13
   15
   21
   21
    1
   23
    0
    8
    9
    5
    3
   14
   14
   57
   21
   17
    5
    6
    0
    0
   28
   21
   13
   38
    7
   17
   47
    5
   19
    3
    0
   11
    5
   25
   13
    2
    6
    0
    0
   54
    6
   26
   32
   17
  111
   95
   27
  119
    1
  115
   48
   35
  181
   30
    0
    3
    6
    7
    5
    7
    5
   13
    2
   27
    2
    9
   21
   51
   45
   42
    2
    7
   12
   18
   30
    3
    1
   10
    3
    0
   27
   17
    7
   47
    5
   19
   21
    7
    5
   29
    8
    1
    0
   21
    2
   34
    1
    0
    5
    1
    2
   15
   13
   35
    3
    9
    1
    0
    9
    3
    2
    1
    3
    0
    0
    2
    4
    1
    2
    6
    5
    8
    1
   36
   18
   11
    0
   43
    1
   20
    2
    3
   11
   68
   14
   55
   18
   31
    1
    8
    0
   12
    5
    0
    0
    9
    0
    8
    3
    8
   49
    2
   13
   44
    5
    1
    3
   11
    8
    4
    6
    7
    1
    2
    2
    1
   11
   28
    5
    4
    0
    9
    2
    0
    9
   19
    9
    7
   14
   29
   10
   64
   17
    0
    1
   46
    1
    2
    8
    8
    6
   15
    9
    4
    2
    2
   28
    4
   13
    5
    5
    1
    3
    0
    2
    4
    0
    2
    0
    0
    9
    6
    2
    7
    7
   13
    2
    8
    4
    0
    1
    6
    1
    6
    1
    3
    1
    3
    7
   15
    3
   13
    3
    1
   27
    9
    3
   18
   10
   13
    4
    7
   28
    7
    0
    1
   12
    2
    2
    2
    1
    8
   27
    2
    4
    1
   22
    9
   17
    5
    1
    3
   18
   12
   15
    5
    7
    2
    4
    3
   10
    2
    1
   13
    1
    4
    0
   11
    6
   51
    6
   23
   21
   24
   13
    0
   15
   18
    0
    9
   21
    0
    0
    1
    7
    8
    0
    5
    4
    8
    0
    4
    0
    0
    1
    0
    6
    1
    4
    1
    0
    2
    2
   11
    0
    0
    0
    1
    0
    0
    0
    0
    0
    0
   10
    3
   10
    0
    0
   14
    2
    5
   28
    0
    3
    0
    5
   18
   12
    2
    1
    0
    0
   12
    0
    6
    0
   24
   25
   14
    1
   33
   18
    3
    7
    8
    8
   11
   34
    6
   11
    7
   10
   12
    1
   18
    3
    6
    1
   18
    8
   35
    2
    4
    0
   31
    5
   11
    5
   14
   45
    3
   30
    2
   11
    7
   11
    6
   13
    4
    1
   10
   15
    6
   11
    7
    8
   29
    7
    6
    5
    3
   15
    1
    6
   24
   17
   12
   23
    6
    9
    7
    5
   15
    2
    9
   16
    8
    5
   13
    4
    9
    1
    2
    1
    4
   11
    8
    2
    8
    6
    3
    2
    3
   13
   11
   20
    1
    2
   10
    3
   12
   21
   13
    8
   23
   17
    1
    9
   18
   21
   16
   18
    4
    1
    3
   11
    1
    4
   26
    8
   21
   33
    7
    4
   12
   17
    5
    1
   11
    2
   16
   12
   13
   14
    9
   32
    7
    1
    9
    3
   17
   10
    7
    8
    2
   19
    5
   22
   10
    7
    2
   15
   12
    4
    2
   26
   30
    7
    4
    3
    0
    3
    2
   12
    6
    2
    2
   13
    3
    3
   15
    6
   21
   23
    8
    5
   11
    7
    5
    4
    8
   63
    8
   12
    4
    0
   31
   48
    4
   12
    7
   14
   26
    4
    6
    0
   10
   10
    1
   21
    4
    0
    0
    5
    0
    1
    1
    6
    4
    6
    9
    5
    3
    0
    0
   50
    2
    0
    0
    4
   11
   10
    3
    2
   13
    3
    1
    0
   10
    7
    3
    3
    6
    1
    8
    2
   34
    3
    6
    8
    9
   42
    0
    0
    1
    0
    0
    0
    4
   21
    8
   52
   12
   49
    2
    0
    1
   11
   31
    0
   11
    4
    4
    1
    1
    1
    1
    1
   10
    3
    0
    8
   42
   98
    4
    0
    0
    6
    1
   10
    4
    6
    9
   14
    0
    0
    0
    0
   10
   10
    2
    1
   10
    2
    7
   12
   16
    1
    1
    2
    8
    8
    6
    4
    3
   10
    1
    5
    1
    1
    0
    3
    3
    0
    3
    2
   11
    3
    9
    2
    1
   15
    1
    1
    7
    6
    0
    9
   22
    3
    7
    1
    1
    3
    0
    4
    1
    9
   19
   10
    0
    2
    5
   14
    1
    6
    5
    7
    1
    4
    3
    8
    8
   12
    2
    4
    7
    0
   11
    0
    2
    1
    2
    3
    4
    0
    1
    3
   14
   17
    0
    1
    0
    2
    2
    0
    2
    5
    3
    9
    5
    2
    8
    6
    1
    0
    1
    1
    0
   11
   14
    1
    4
    0
    0
    1
    8
    1
   15
    5
    3
    3
   14
    3
    7
    0
   16
   13
   14
    5
   16
    1
    9
   10
   11
    7
   16
    9
    8
   10
    5
   10
    4
    9
    4
    4
   10
    6
    6
    1
   15
    7
    2
    9
    3
    2
    4
    4
   11
    8
    3
   13
    1
    7
    7
    5
    4
    1
    6
    5
    6
    7
   10
    3
    9
    5
    5
    6
    2
    5
    3
   10
    6
    3
    4
    2
    2
    7
    2
    1
    2
    3
    1
    6
    7
    4
   11
    4
    0
    2
    2
    5
    1
    0
    6
    3
    0
    8
    9
   51
    6
    0
   20
    0
    9
    3
    1
    4
    4
    6
    2
    7
   10
   14
   37
   25
    6
    3
   10
    6
    6
   10
   19
   12
    6
    5
    2
    5
    3
    8
    1
    1
    1
   14
    6
    3
   11
    4
   13
    2
    2
    5
    3
    4
    2
   27
    3
    6
    2
    1
    3
    8
    8
    7
    0
    0
    0
    0
    0
    2
    1
    3
    4
    4
    6
   41
    0
    1
    1
    8
    2
    0
    6
   14
    4
   10
    3
   18
   11
   14
   15
    4
    8
    2
    0
    1
    2
    4
    4
    1
    0
    0
    0
    6
    3
    0
    1
    5
    0
    4
   18
    0
    2
    0
   16
    1
    3
    4
    3
    0
    0
   14
   18
   11
    0
    3
    4
    1
    4
    2
    1
    1
   10
   10
   43
   28
   24
    6
    2
    0
   20
    0
    0
    0
    4
    6
    4
    0
    0
    0
    1
    6
    2
    3
   42
   38
   29
   19
   73
    4
    1
    1
    1
    5
    4
    0
    1
    6
    3
    1
    1
    0
    0
    0
    3
   15
    2
    4
    2
    0
    0
    9
   20
    5
    0
    1
    1
    2
    3
    1
    4
    1
   50
    6
   26
   25
    6
    3
    3
   11
    2
    0
    0
    0
    1
    1
    0
    0
    1
    1
    3
    3
    5
    4
    2
    0
    2
    0
    5
    2
    0
    3
    2
    5
    0
    0
    6
    3
    2
   10
    6
    5
   12
    3
    3
    0
    5
    4
   10
    1
    2
    2
    1
   14
    7
    6
    0
    2
    1
    3
    1
    1
    0
    2
    3
    2
   10
    1
    1
    0
    7
    2
    3
    0
    0
    1
    1
    6
    3
   15
    5
    0
    0
    1
    0
    0
    0
   27
   14
   18
    0
    2
    3
    2
    0
   14
    0
    1
    2
    7
    2
    8
    0
    1
    1
    2
    0
    0
    0
    0
    0
    0
    0
    0
    0
    1
    5
    0
    0
    2
    0
    0
    1
    0
    0
    0
    0
    7
    1
    6
    0
    6
    2
    5
    5
    0
    0
    0
    2
   14
    8
    3
    7
    6
    6
    5
    1
    3
    4
    0
    5
    8
    6
    3
    5
   12
    6
    1
    3
    3
   10
    6
    8
    4
    2
    2
    7
    2
    1
    4
    5
    0
    3
   11
    1
    1
   17
    4
   13
    4
    0
    4
    5
    1
    4
    4
    8
    2
   18
    4
    0
    0
    6
    5
    4
    9
    4
    5
    9
    5
    7
    4
    2
    7
    1
    6
    4
    0
    1
   13
    0
    2
    3
    4
    1
    1
    2
    1
    3
    3
    2
    3
    0
    2
    3
    4
    1
    0
    0
    2
    2
    1
    0
    0
    4
    3
    0
    1
    3
    1
    1
    0
    0
    0
    3
    0
    2
    2
    0
    0
    0
    0
    0
    0
    0
    0
    0
    0
    0
    3
    0
    0
    3
    0
    0
    0
    2
    3
    5
    0
    2
    3
    1
    1
    2
    1
    2
    0
    4
    3
    3
    2
    9
    1
    1
    3
    2
    4
    2
    1
    3
   10
    0
    0
    2
   13
   40
    2
    1
    2
    0
    2
    0
    1
    0
    4
   11
    4
   13
   15
    3
    0
    8
    7
   10
    8
   13
    7
    7
    0
    0
    1
    0
    1
    0
    2
    0
    1
    1
    3
    3
    1
    0
    0
    3
    1
    0
    2
    0
    4
   12
    5
    8
    2
    1
    2
    6
    6
    3
   17
    3
    1
    1
    0
   19
    2
    6
    8
    4
    3
   15
    3
    5
    4
    1
    3
    0
    2
    2
    2
    0
    1
    0
    1
    0
    5
    1
    1
    0
   11
    2
    2
    0
    1
    0
    5
    6
    2
    1
    5
    1
    2
    2
    1
    1
   10
    3
    2
    1
    1
    4
    1
    3
    2
   24
    2
    3
    9
    0
    4
    4
    5
    0
    0
    0
    0
   18
   24
    7
    2
   83
    3
    7
    1
   18
    5
    2
    0
    0
   10
    2
    0
    0
    1
    2
    2
    1
    1
    0
    3
    0
    3
    0
    2
    1
    7
    3
    2
    4
    0
   95
   11
    1
    0
    0
   26
   10
   14
    9
    9
    9
    5
    7
    2
   16
   23
    3
   14
    4
    4
    2
    8
    4
    4
    2
    1
    2
    3
    0
    0
    0
   10
    0
    3
    1
    0
   52
    0
    2
    7
    1
    2
    3
    4
    4
    7
    4
   10
    3
    0
    0
    5
    6
    9
    1
    3
    7
    4
    2
    3
    1
    2
   16
   13
    1
    4
    4
    7
    3
    1
   19
   15
    1
    0
    3
    6
    1
    0
    6
    7
    5
    3
    3
    1
   12
    9
    4
   27
    0
    2
    1
    1
    5
    0
    3
    0
    0
    0
   68
   18
   24
    4
   10
   18
    3
    1
   48
    1
   11
    3
    0
    2
    1
    2
    0
    0
    0
    1
    3
   23
    3
    0
    2
    5
    2
    5
    8
    7
    1
    0
    3
    2
    0
    0
    0
    3
    7
    6
    4
    8
    2
   10
    3
    0
    4
    4
    5
   10
    2
   11
    3
    6
    6
    3
   10
    4
    8
    2
   10
    0
    6
    6
    4
    3
    6
   12
    1
    7
    6
    7
    7
    2
    3
   22
    4
    2
   10
   17
    7
    5
    5
   11
    0
    7
    8
    1
    2
    6
    2
    3
    4
    0
    2
    7
   11
    3
    1
    0
    3
    8
    2
    2
    3
    5
    3
    0
    8
    2
    3
    4
    1
    3
    0
    7
    8
   18
    0
    3
    6
    0
    2
    0
    6
    1
    4
    3
    1
    2
    0
    0
    0
    0
    1
    3
    4
    0
    0
    3
    1
    6
    1
    0
    0
    2
   10
    1
    1
    1
    1
    2
    2
    2
   13
   14
   10
    1
    5
    0
    9
    4
    3
    0
   13
    5
   21
    9
    0
    2
   13
   78
   12
    0
   10
    2
    0
    8
    6
    2
    8
    6
    0
    2
    2
    2
    3
    5
    1
    5
    2
    2
   13
    2
    6
    0
    9
    6
    3
    4
    2
    1
    4
    1
    7
    5
   11
    5
    2
    8
    3
    4
    0
   15
   10
    1
   33
    8
    4
   10
    5
    3
    4
   22
   19
    2
    2
    0
    2
    0
    2
    0
    3
    1
    0
    7
    7
    9
   13
   18
    1
    9
    4
    5
    3
    0
    2
   12
   11
    2
    7
   14
    3
    8
   39
    4
   17
    3
    6
    1
    6
    2
   23
    4
   34
    2
   11
    2
    5
   28
    8
    4
    0
    8
    6
    0
    2
    0
    1
    2
    0
    0
   11
    3
    2
    2
    2
    0
    0
    0
    1
    2
   12
   16
    6
  138
    6
    3
    1
    0
    2
    0
    0
    0
    1
    0
    3
    3
    5
    2
   18
    2
    3
    7
    9
    3
    0
    3
    6
    2
   10
    0
    5
    0
    1
    3
    3
    1
    0
    1
    5
    0
    9
    0
   11
    4
    2
    3
    2
   14
    7
    3
    0
    1
    1
   11
    6
   23
   10
    4
    8
   37
    8
   21
    9
    1
    3
   34
    3
    9
    0
   64
    0
    8
    0
    0
   11
    0
    3
    1
    1
    1
    6
    0
    0
    0
    0
    2
    1
    6
    1
    1
    5
    0
    3
    1
    0
    5
    7
    1
    0
    0
    2
    0
   12
    3
    0
    0
    6
    1
    1
    1
    0
    0
    3
    2
    6
    0
    1
    0
    0
    3
    0
    0
    1
    2
    2
    0
    2
    0
    0
    0
    0
    0
    5
    1
    3
    1
    0
    2
    1
    3
    0
    0
    0
    2
    0
    1
    4
    1
    2
    0
    0
    1
    3
    0
    0
    0
    1
    0
    4
    0
    6
    7
    7
    2
    0
    0
    0
    2
    0
    1
    0
    5
    0
    0
    0
    4
    1
    3
    0
    1
    0
    0
    1
    3
    0
    5
    0
    1
    0
    0
    0
    2
    1
    1
    3
    0
    1
   13
    3
    4
    0
    6
    2
    0
    5
    8
    5
    3
    4
    0
    1
    3
    1
    0
    2
    4
    1
    2
    0
    0
    1
    0
    0
    2
    1
    1
    0
    1
    0
    1
    2
    1
    0
    0
    2
    0
    0
    1
    4
    0
    0
    0
    0
    0
    1
    0
    0
    0
    1
    1
    0
    3
    2
    0
    3
    1
    2
    0
    2
    2
    7
    1
    1
    2
    3
    0
    1
    4
   12
    2
    2
    0
    0
    2
    3
    2
    0
    0
    0
    0
    0
    0
    0
    0
    0
    1
    1
    0
    0
    0
    4
    0
    6
    3
    2
    0
    3
    1
    2
    1
    1
    0
    3
    0
    0
    0
    0
    0
    0
    2
    4
    0
    7
   24
    3
    0
   11
    0
    4
    2
    1
    0
    1
    1
    3
    1
    2
    1
    0
    0
    8
    4
    0
    0
    1
    4
    2
    0
    0
    0
    0
    0
    0
    0
    1
    0
    0
    2
    0
    1
   20
    0
    1
    2
    1
    1
    0
    0
    0
    1
    3
    0
    0
    0
    0
    1
    1
    1
    7
    0
    0
    0
    0
    8
    2
    3
    5
    2
    1
    0
    1
    0
    0
    3
    8
    3
    4
    1
    0
    0
    0
    0
    0
    0
    0
    1
    0
    6
   25
   18
    2
    8
    0
    1
    1
    2
    0
    0
    0
    0
    0
    0
    1
    0
    0
    1
    0
    0
    2
    0
    1
    0
    0
    0
    0
    0
    0
    0
    0
    0
    0
    1
    0
    0
    0
    1
    0
    1
    0
    0
    0
    0
    0
    0
    1
    0
    0
    0
    0
    0
    0
    0
    0
    0
    0
    0
    0
    0
    0
    0
    0
    0
    0
    0
    0
    1
    2
    2
    0
    0
    0
    0
    0
    0
    0
    0
    0
    0
    0
    0
    0
    0
    1
    0
    0
    0
    0
    0
    2
    0
    0
    1
    0
    0
    0
    1
    0
    1
    1
    0
    2
    0
    1
    0
    1
    1
    0
    0
    0
    0
    0
    0
    0
    0
    0
    0
    0
    0
    0
    0
    0
    0
    0
    0
    0
    0
    0
    0
    0
    1
    0
    0
    0
    0
    0
    0
    0
    0
    0
    0
    0
    1
    0
    0
    0
    0
    1
    0
    0
    0
    0
    1
    0
    0
    0
    0
    0
    0
    0
    0
    0
    0
    0
    0
    0
    1
    0
    0
    0
    0
    2
    0
    0
    0
    0
    0
    0
    0
    2
    0
    0
    1
    0
    1
    0
    0
    0
    0
    0
    0
    0
    0
    0
    0
    0
    0
    0
    0
    0
    0
    0
    0
    0
    0
    0
    0
    0
    0
    0
    0
    0
    0
    0
    1
    0
    0
    0
    0
    0
    0
    0
    2
    0
    0
    0
    0
    0
    0
    0
    0
    0
    0
    0
    0
    0
    1
    2
    1
    1
    0
    0
    0
    0
    0
    0
    1
    1
    1
    0
    1
    1
    0
    0
    0
    0
    0
    1
    0
